clearvars, clc

x1 = [1 2 3 4 5 6]

x2 = [1;2;3;4;5;6]

x3 = [1 2 3; 4 5 6]

x1'

x4 = [1; 2; 3; 4; 5; 6]'

x5 = [1 2 3; 4 5 6; 7 8 9]
x5'